image: my_map_2.pgm
resolution: 0.050000
origin: [-2.938418, -24.379730, 0.000000]
negate: 0
occupied_thresh: 0.65
free_thresh: 0.196

